1413252000 1161
1413255600 3497
1413259200 3362
1413262800 2015
1413266400 3194
1413270000 2260
1413273600 2403
1413277200 3152
1413280800 2977
1413284400 3471
1413288000 2650
1413291600 4595
1413295200 3620
1413298800 4396
1413302400 2503
1413306000 6027
1413309600 6092
1413313200 4730
1413316800 4100
1413320400 3918
1413324000 1706
1413327600 3217
1413331200 4085
1413334800 3477
1413338400 2920
1413342000 3269
1413345600 1688
1413349200 2388
1413352800 2896
1413356400 1764
1413360000 2116
1413363600 3500
1413367200 2140
1413370800 3547
1413374400 3220
1413378000 2974
1413381600 3330
1413385200 3831
1413388800 4629
1413392400 2510
1413396000 4841
1413399600 4688
1413403200 3394
1413406800 3128
1413410400 2040
1413414000 3882
1413417600 3054
1413421200 2493
1413424800 3226
1413428400 2444
1413432000 2692
1413435600 2035
1413439200 2381
1413442800 1971
1413446400 3241
1413450000 2041
1413453600 3018
1413457200 2933
1413460800 3664
1413464400 3097
1413468000 3971
1413471600 3533
1413475200 3657
1413478800 3668
1413482400 3925
1413486000 3841
1413489600 4498
1413493200 4073
1413496800 3253
1413500400 3028
1413504000 3463
1413507600 2892
1413511200 2910
1413514800 923
1413518400 3840
1413522000 2850
1413525600 2575
1413529200 2507
1413532800 2604
1413536400 1765
1413540000 3011
1413543600 2241
1413547200 3266
1413550800 2423
1413554400 3941
1413558000 3191
1413561600 3079
1413565200 1671
1413568800 5518
1413572400 3175
1413576000 3791
1413579600 3156
1413583200 2651
1413586800 3396
1413590400 1312
1413594000 3743
1413597600 2606
1413601200 2260
1413604800 2115
1413608400 2755
1413612000 1956
1413615600 1549
1413619200 2388
1413622800 2160
1413626400 2139
1413630000 2783
1413633600 2580
1413637200 1979
1413640800 3856
1413644400 3822
1413648000 3587
1413651600 4052
1413655200 3001
1413658800 3719
1413662400 3480
1413666000 2207
1413669600 3549
1413673200 2879
1413676800 2271
1413680400 1668
1413684000 1764
1413687600 2366
1413691200 2348
1413694800 1703
1413698400 2533
1413702000 2114
1413705600 2085
1413709200 2007
1413712800 2150
1413716400 1290
1413720000 2371
1413723600 2994
1413727200 1302
1413730800 5659
1413734400 3867
1413738000 2691
1413741600 4314
1413745200 2789
1413748800 3428
1413752400 4682
1413756000 2476
1413759600 2383
1413763200 4744
1413766800 3776
1413770400 3422
1413774000 2357
1413777600 2472
1413781200 2585
1413784800 1955
1413788400 2952
1413792000 2880
1413795600 2250
1413799200 3626
1413802800 1068
1413806400 3916
1413810000 4381
1413813600 3841
1413817200 4120
1413820800 3576
1413824400 5840
1413828000 3874
1413831600 4090
1413835200 3247
1413838800 2556
1413842400 4620
1413846000 4552
1413849600 1311
